PageRank values:

Iteration 1:
A: 0.24930555555555556 
B: 0.11944444444444445 
C: 0.14305555555555555
D: 0.13125 
E: 0.21388888888888888 
F: 0.14305555555555555  

Iteration 10:
A: 0.25203637602817186 
B: 0.1393065091825108 
C: 0.1512937659347507
D: 0.1189629727768988 
E: 0.18710661014291713 
F: 0.1512937659347507  

Iteration 100:
A: 0.2521271053751956 
B: 0.1393061853185386 
C: 0.1513064898667053
D: 0.11890782257353921 
E: 0.18704590699931614 
F: 0.1513064898667053 