PageRank values:

Iteration 1:
A: 0.26669907407407406 
B: 0.13896476658950618 
C: 0.15798537555459105
D: 0.13125 
E: 0.20636284722222223 
F: 0.1355295138888889

Iteration 10:
A: 0.2522464006715921 
B: 0.13936269131152743 
C: 0.1513638727459828 
D: 0.11896229326430811 
E: 0.18714592419413756 
F: 0.15138662748673998 

Iteration 100:
A: 0.2521271053751956 
B: 0.1393061853185386 
C: 0.1513064898667053
D: 0.11890782257353921 
E: 0.18704590699931614 
F: 0.1513064898667053