1. A list of the document IDs of the top 50 pages as sorted by PageRank, together with their PageRank values:

WT21-B37-76: 0.0027441467957936352
WT21-B37-75: 0.0015614533017969925
WT23-B39-340: 0.001266803763769258
WT24-B40-171: 0.0012654366102583733
WT13-B06-273: 0.0012552681965935623
WT08-B18-400: 0.0011709363665285315
WT01-B18-225: 9.754996636501888E-4
WT04-B27-720: 9.582808311484082E-4
WT23-B37-134: 9.456009911083045E-4
WT23-B19-156: 8.402582908060475E-4
WT04-B30-12: 8.316561623567547E-4
WT25-B15-307: 8.140285145974947E-4
WT23-B38-87: 8.052957239792381E-4
WT07-B18-256: 7.892726542885127E-4
WT24-B26-46: 7.392191631061458E-4
WT13-B06-284: 7.310188316379684E-4
WT24-B40-167: 7.184989853778695E-4
WT14-B03-220: 7.117671518953023E-4
WT18-B31-240: 7.071054234837831E-4
WT14-B03-227: 6.979542200783733E-4
WT04-B40-202: 6.973737772088083E-4
WT08-B19-222: 6.663341974477274E-4
WT23-B20-363: 6.514073819166244E-4
WT27-B28-203: 6.389697292082178E-4
WT13-B39-295: 6.329789621491802E-4
WT13-B15-160: 6.314305794623866E-4
WT10-B02-288: 5.954665941042697E-4
WT12-B30-56: 5.594039961456672E-4
WT21-B40-37: 5.572908421141577E-4
WT21-B35-155: 5.557464705719224E-4
WT14-B36-323: 5.51301814365909E-4
WT23-B01-40: 5.508056611310758E-4
WT08-B08-60: 5.461308047932344E-4
WT22-B38-403: 5.437063261407983E-4
WT13-B39-321: 5.427012351794397E-4
WT04-B22-268: 5.426635538531717E-4
WT14-B02-400: 5.42628976979959E-4
WT18-B14-66: 5.39308163241725E-4
WT23-B38-120: 5.29264802280417E-4
WT06-B35-151: 5.26777703902635E-4
WT10-B33-300: 5.262881924506855E-4
WT14-B36-337: 5.258830988799646E-4
WT06-B35-161: 5.248365381307291E-4
WT27-B20-494: 5.239482584157531E-4
WT27-B34-57: 5.157634433698938E-4
WT27-B32-30: 5.099059392494246E-4
WT04-B40-238: 5.075455816822847E-4
WT14-B36-334: 5.045747548268135E-4
WT14-B36-335: 5.045747030849485E-4
WT23-B27-31: 5.035037640648106E-4