1. A list of the document IDs of the top 50 pages as sorted by PageRank, together with their PageRank values:

WT21-B37-76: 0.0027441513008287797
WT21-B37-75: 0.0015614557987825674
WT23-B39-340: 0.0012667418352184448
WT24-B40-171: 0.001265365103260604
WT13-B06-273: 0.001255278656796457
WT08-B18-400: 0.0011709374304476152
WT01-B18-225: 9.755006101544016E-4
WT04-B27-720: 9.582903204699493E-4
WT23-B37-134: 9.455479009444169E-4
WT23-B19-156: 8.402617504693742E-4
WT04-B30-12: 8.316586562808223E-4
WT25-B15-307: 8.140291872560037E-4
WT23-B38-87: 8.053344140561199E-4
WT07-B18-256: 7.892277648443271E-4
WT24-B26-46: 7.392264166236532E-4
WT13-B06-284: 7.310244833429482E-4
WT24-B40-167: 7.18448735616454E-4
WT14-B03-220: 7.117448098676543E-4
WT18-B31-240: 7.071123198282147E-4
WT14-B03-227: 6.979049586046385E-4
WT04-B40-202: 6.973802478671892E-4
WT08-B19-222: 6.663347529186794E-4
WT23-B20-363: 6.514087565917091E-4
WT27-B28-203: 6.389707661954919E-4
WT13-B39-295: 6.32981373872467E-4
WT13-B15-160: 6.314310730805232E-4
WT10-B02-288: 5.954642818870279E-4
WT12-B30-56: 5.593956138100272E-4
WT21-B40-37: 5.572919312436192E-4
WT21-B35-155: 5.557432137343492E-4
WT14-B36-323: 5.512976101897161E-4
WT23-B01-40: 5.508107931904037E-4
WT08-B08-60: 5.461356555872548E-4
WT22-B38-403: 5.4370877729669E-4
WT13-B39-321: 5.427081692576785E-4
WT04-B22-268: 5.426412452490285E-4
WT14-B02-400: 5.42591368606219E-4
WT18-B14-66: 5.393122349019056E-4
WT23-B38-120: 5.292391008993985E-4
WT06-B35-151: 5.267791093160211E-4
WT10-B33-300: 5.262885768384616E-4
WT14-B36-337: 5.258793894278701E-4
WT06-B35-161: 5.248379950952816E-4
WT27-B20-494: 5.239543101733933E-4
WT27-B34-57: 5.157641910306528E-4
WT27-B32-30: 5.099066731116145E-4
WT04-B40-238: 5.07549787065611E-4
WT14-B36-335: 5.045708708636845E-4
WT14-B36-334: 5.045708708636845E-4
WT23-B27-31: 5.035076421943137E-4

2. A list of the document IDs of the top 50 pages by in-link count, together with their in-link counts:

WT21-B37-76: 2568
WT21-B37-75: 1704
WT01-B18-225: 1137
WT08-B19-222: 1041
WT08-B18-400: 990
WT21-B40-447: 779
WT27-B34-57: 630
WT27-B32-30: 628
WT25-B15-307: 605
WT27-B28-203: 589
WT18-B40-82: 576
WT21-B37-71: 560
WT13-B15-160: 484
WT23-B30-88: 477
WT27-B28-177: 461
WT13-B06-284: 453
WT13-B06-273: 452
WT13-B39-295: 443
WT14-B36-337: 416
WT10-B33-300: 406
WT23-B23-51: 400
WT23-B27-29: 388
WT23-B30-105: 379
WT14-B36-323: 367
WT14-B36-335: 367
WT14-B36-336: 367
WT14-B36-334: 367
WT23-B30-89: 367
WT23-B19-156: 364
WT12-B40-248: 356
WT17-B34-500: 355
WT17-B34-502: 355
WT17-B34-501: 355
WT17-B34-504: 355
WT17-B34-503: 355
WT17-B34-506: 355
WT17-B34-505: 355
WT17-B34-508: 355
WT17-B34-507: 355
WT17-B34-509: 355
WT17-B34-499: 355
WT17-B34-498: 355
WT12-B40-235: 355
WT12-B40-241: 342
WT12-B40-254: 334
WT04-B40-202: 322
WT24-B26-2: 319
WT04-B40-238: 311
WT04-B30-256: 301
WT04-B27-720: 291

3. The proportion of pages with no in-links (sources):

All pages: 183811
Pages with no in-links (sources): 14624
Proportion: 0.07955998280842823

4. The proportion of pages with no out-links (sinks):

All pages: 183811
Pages with no out-links (sinks): 66683
Proportion: 0.3627802471016425

5. The proportion of pages whose PageRank is less than their initial, uniform values:

All pages: 183811
Pages whose PageRank is less than their initial, uniform values: 143626
Proportion: 0.7813786987721083